[gd_scene load_steps=7 format=2]

[ext_resource path="res://world/orbit_camera.gd" type="Script" id=1]
[ext_resource path="res://world/floor.tres" type="Material" id=4]
[ext_resource path="res://world/world_env.tres" type="Environment" id=15]

[sub_resource type="PlaneMesh" id=3]
size = Vector2( 40, 40 )
subdivide_width = 25
subdivide_depth = 25

[sub_resource type="BoxShape" id=4]
extents = Vector3( 3.0314, 1, 1 )

[sub_resource type="CubeMesh" id=5]
material = ExtResource( 4 )
flip_faces = true
size = Vector3( 40, 40, 40 )
subdivide_width = 25
subdivide_height = 25
subdivide_depth = 25

[node name="World" type="Spatial"]

[node name="Floor" type="MeshInstance" parent="."]
visible = false
mesh = SubResource( 3 )
material/0 = ExtResource( 4 )

[node name="FloorBody" type="StaticBody" parent="Floor"]

[node name="CollisionShape" type="CollisionShape" parent="Floor/FloorBody"]
transform = Transform( 1, 0, 0, 0, 1, 0, 0, 0, 1, 0, -0.993481, 0 )
shape = SubResource( 4 )

[node name="OrbitPoint" type="Spatial" parent="."]
transform = Transform( 0.831023, 0, -0.556238, 0, 1, 0, 0.556238, 0, 0.831023, 0, -2.38419e-07, -4.76837e-07 )
script = ExtResource( 1 )

[node name="Camera" type="Camera" parent="OrbitPoint"]
transform = Transform( 1, 0, 0, 0, 0.989078, 0.147395, 0, -0.147395, 0.989078, 0, 2.147, 4.48151 )
fov = 68.1243

[node name="DirectionalLight2" type="DirectionalLight" parent="OrbitPoint"]
transform = Transform( 0.999229, -0.0247207, 0.0305003, 0, 0.776871, 0.629659, -0.0392604, -0.629174, 0.776272, 5.08833, 2.79045, -0.311581 )
light_energy = 1.5

[node name="WorldEnvironment" type="WorldEnvironment" parent="."]
environment = ExtResource( 15 )

[node name="DirectionalLight" type="DirectionalLight" parent="."]
transform = Transform( 0.524194, -0.536217, 0.661583, 0, 0.776871, 0.629659, -0.851599, -0.330064, 0.407231, 4.40183, 2.79045, 2.57139 )
visible = false
light_energy = 1.5

[node name="Background" type="MeshInstance" parent="."]
transform = Transform( 1, 0, 0, 0, 1, 0, 0, 0, 1, 0, 20, 0 )
mesh = SubResource( 5 )
material/0 = null
